"","Ajellomyces_dermatitidis","Paracoccidioides_lutzii","Talaromyces_stipitatus","Aspergillus_terreus","Aspergillus_oryzae","Aspergillus_niger","Penicillium_digitatum","Fonsecaea_erecta","Endocarpon_pusillum","Marssonina_brunnea","Diplodia_corticola","Leptosphaeria_maculans","Setosphaeria_turcica","Selaginella_moellendorffii","Zymoseptoria_tritici","Pseudocercospora_fijiensis","Grosmannia_clavigera","Eutypa_lata","Colletotrichum_graminicola","Verticillium_alfalfae","Fusarium_oxysporum","Atta_colombica","Pochonia_chlamydosporia","Chaetomium_thermophilum","Thielavia_terrestris","Aphanomyces_astaci","Neurospora_crassa","Sugiyamaella_lignohabitans","Metschnikowia_bicuspidata","Lodderomyces_elongisporus","Candida_tropicalis","Candida_albicans","Spathaspora_passalidarum","Kuraishia_capsulata","Pichia_kudriavzevii","Ogataea_parapolymorpha","Tetrapisispora_blattae","Tetrapisispora_phaffii","Kazachstania_africana","Lachancea_thermotolerans","Lachancea_lanzarotensis","Kluyveromyces_marxianus","Kluyveromyces_lactis","Eremothecium_cymbalariae","Kazachstania_naganishii","Candida_glabrata","Vanderwaltozyma_polyspora","Zygosaccharomyces_rouxii","Torulaspora_delbrueckii","Naumovozyma_dairenensis","Drosophila_ficusphila","Saccharomyces_cerevisiae","Saccharomyces_paradoxus","Saccharomyces_bayanus","Saccharomyces_mikatae","Naumovozyma_castellii","Pneumocystis_murina","Pneumocystis_jirovecii","Lobosporangium_transversale","Emiliania_huxleyi","Capsaspora_owczarzaki","Salpingoeca_rosetta","Cryptosporidium_muris","Eimeria_tenella","Trypanosoma_brucei","Babesia_microti","Babesia_bovis","Babesia_bigemina","Babesia_equi","Theileria_orientalis","Theileria_parva","Theileria_annulata","Plasmodium_yoelii","Plasmodium_berghei","Amphimedon_queenslandica","Malassezia_pachydermatis","Malassezia_globosa","Kalmanozyma_brasiliensis","Ustilago_maydis","Mixia_osmundae","Cryptococcus_neoformans","Cryptococcus_gattii","Trichosporon_asahii","Heterobasidion_irregulare","Gloeophyllum_trabeum","Dichomitus_squalens","Coniophora_puteana","Serpula_lacrymans","Helobdella_robusta","Phycomyces_blakesleeanus","Dictyostelium_discoideum","Phytophthora_sojae","Phaeodactylum_tricornutum","Strongylocentrotus_purpuratus","Crassostrea_gigas","Caenorhabditis_elegans","Loa_loa","Tinamus_guttatus","Camponotus_floridanus","Trachymyrmex_zeteki","Trachymyrmex_cornetzi","Papilio_machaon","Dufourea_novaeangliae","Drosophila_mojavensis","Drosophila_melanogaster","Anopheles_gambiae","Oryza_brachyantha","Branchiostoma_floridae","Taeniopygia_guttata","Nothobranchius_furzeri","Xiphophorus_maculatus","Oreochromis_niloticus","Gallus_gallus","Anas_platyrhynchos","Alligator_sinensis","Monodelphis_domestica","Macaca_mulatta","Ailuropoda_melanoleuca","Gorilla_gorilla","Equus_caballus","Cavia_porcellus","Canis_lupus","Erinaceus_europaeus","Heterocephalus_glaber","Tupaia_chinensis","Pan_troglodytes","Oryctolagus_cuniculus","Nomascus_leucogenys","Myotis_lucifugus","Mus_musculus","Coccomyxa_subellipsoidea","Chlorella_variabilis","Micromonas_pusilla","Micromonas_commoda","Ostreococcus_tauri","Ostreococcus_lucimarinus","Glycine_max","Cajanus_cajan","Phaseolus_vulgaris","Habropoda_laboriosa","Eutrema_salsugineum","Brassica_rapa","Brassica_napus","Arabidopsis_thaliana","Arabidopsis_lyrata","Daucus_carota","Agrilus_planipennis","Spinacia_oleracea","Larimichthys_crocea","Capsicum_annuum","Solanum_tuberosum","Solanum_lycopersicum","Prunus_persica","Zea_mays","Musa_acuminata","Gossypium_raimondii","Gossypium_arboreum","Cucumis_sativus","Populus_trichocarpa","Citrus_sinensis","Citrus_clementina","Morus_notabilis"
"Ajellomyces_dermatitidis",0,0.003405,0.022791,0.030889,0.03049,0.031079,0.031361,0.058544,0.055514,0.047301,0.060879,0.228435,0.089694,0.046872,0.052965,0.065171,0.091907,0.099292,0.103089,0.121651,0.098523,0.116489,0.098277,0.095219,0.090432,0.160197,0.097785,0.06353,0.125432,0.087047,0.084934,0.084007,0.088976,0.107996,0.134926,0.096783,0.098814,0.09593,0.091199,0.097176,0.097353,0.101172,0.101961,0.098767,0.093329,0.096621,0.093859,0.096549,0.092829,0.091255,0.094332,0.095723,0.095751,0.095741,0.095747,0.092794,0.087887,0.092131,0.093414,0.163597,0.145384,0.265873,0.165322,0.229961,0.926046,0.190561,0.299187,0.239676,0.209999,0.209587,0.209279,0.210822,0.36719,0.364419,0.191856,0.151559,0.161484,0.191908,0.190437,0.215942,0.145377,0.14616,0.134753,0.112387,0.116267,0.119704,0.12637,0.130017,0.24993,0.249924,0.500998,0.191068,0.163553,0.261963,0.323941,0.687805,0.437042,0.438207,0.303245,0.303071,0.324553,0.359819,0.465481,0.498581,0.465512,0.628002,0.438784,0.330697,0.330293,0.337821,0.341003,0.335174,0.344757,0.352313,0.350538,0.34285,0.35225,0.352247,0.421061,0.355374,0.354505,0.352244,0.442318,0.617962,0.438634,0.353055,0.352253,0.352247,0.353456,0.357385,0.175667,0.200076,0.156226,0.156594,0.149764,0.148919,0.159754,0.170991,0.165676,0.159636,0.172039,0.19078,0.214965,0.172171,0.172102,0.171065,0.176485,0.177491,0.175763,0.175769,0.253152,0.259178,0.169006,0.185914,0.187453,0.170738,0.177853,0.174055,0.185036,0.175397,0.171128,0.169012
"Paracoccidioides_lutzii",0.003405,0,0.023842,0.03194,0.031541,0.03213,0.032412,0.059595,0.056565,0.048352,0.06193,0.229486,0.090745,0.047923,0.054016,0.066222,0.092958,0.100343,0.10414,0.122702,0.099574,0.11754,0.099328,0.09627,0.091483,0.161248,0.098836,0.064581,0.126483,0.088098,0.085985,0.085058,0.090027,0.109047,0.135977,0.097834,0.099865,0.096981,0.09225,0.098227,0.098404,0.102223,0.103012,0.099818,0.09438,0.097672,0.09491,0.0976,0.09388,0.092306,0.095383,0.096774,0.096802,0.096792,0.096798,0.093845,0.088938,0.093182,0.094465,0.164648,0.146435,0.266924,0.166373,0.231012,0.927097,0.191612,0.300238,0.240727,0.21105,0.210638,0.21033,0.211873,0.368241,0.36547,0.192907,0.15261,0.162535,0.192959,0.191488,0.216993,0.146428,0.147211,0.135804,0.113438,0.117318,0.120755,0.127421,0.131068,0.250981,0.250975,0.502049,0.192119,0.164604,0.263014,0.324992,0.688856,0.438093,0.439258,0.304296,0.304122,0.325604,0.36087,0.466532,0.499632,0.466563,0.629053,0.439835,0.331748,0.331344,0.338872,0.342054,0.336225,0.345808,0.353364,0.351589,0.343901,0.353301,0.353298,0.422112,0.356425,0.355556,0.353295,0.443369,0.619013,0.439685,0.354106,0.353304,0.353298,0.354507,0.358436,0.176718,0.201127,0.157277,0.157645,0.150815,0.14997,0.160805,0.172042,0.166727,0.160687,0.17309,0.191831,0.216016,0.173222,0.173153,0.172116,0.177536,0.178542,0.176814,0.17682,0.254203,0.260229,0.170057,0.186965,0.188504,0.171789,0.178904,0.175106,0.186087,0.176448,0.172179,0.170063
"Talaromyces_stipitatus",0.022791,0.023842,0,0.019512,0.019113,0.019702,0.019984,0.070269,0.067239,0.059026,0.072604,0.24016,0.101419,0.058597,0.06469,0.076896,0.103632,0.111017,0.114814,0.133376,0.110248,0.128214,0.110002,0.106944,0.102157,0.171922,0.10951,0.075255,0.137157,0.098772,0.096659,0.095732,0.100701,0.119721,0.146651,0.108508,0.110539,0.107655,0.102924,0.108901,0.109078,0.112897,0.113686,0.110492,0.105054,0.108346,0.105584,0.108274,0.104554,0.10298,0.106057,0.107448,0.107476,0.107466,0.107472,0.104519,0.099612,0.103856,0.105139,0.175322,0.157109,0.277598,0.177047,0.241686,0.937771,0.202286,0.310912,0.251401,0.221724,0.221312,0.221004,0.222547,0.378915,0.376144,0.203581,0.163284,0.173209,0.203633,0.202162,0.227667,0.157102,0.157885,0.146478,0.124112,0.127992,0.131429,0.138095,0.141742,0.261655,0.261649,0.512723,0.202793,0.175278,0.273688,0.335666,0.69953,0.448767,0.449932,0.31497,0.314796,0.336278,0.371544,0.477206,0.510306,0.477237,0.639727,0.450509,0.342422,0.342018,0.349546,0.352728,0.346899,0.356482,0.364038,0.362263,0.354575,0.363975,0.363972,0.432786,0.367099,0.36623,0.363969,0.454043,0.629687,0.450359,0.36478,0.363978,0.363972,0.365181,0.36911,0.187392,0.211801,0.167951,0.168319,0.161489,0.160644,0.171479,0.182716,0.177401,0.171361,0.183764,0.202505,0.22669,0.183896,0.183827,0.18279,0.18821,0.189216,0.187488,0.187494,0.264877,0.270903,0.180731,0.197639,0.199178,0.182463,0.189578,0.18578,0.196761,0.187122,0.182853,0.180737
"Aspergillus_terreus",0.030889,0.03194,0.019512,0,0.003931,0.009262,0.01927,0.078367,0.075337,0.067124,0.080702,0.248258,0.109517,0.066695,0.072788,0.084994,0.11173,0.119115,0.122912,0.141474,0.118346,0.136312,0.1181,0.115042,0.110255,0.18002,0.117608,0.083353,0.145255,0.10687,0.104757,0.10383,0.108799,0.127819,0.154749,0.116606,0.118637,0.115753,0.111022,0.116999,0.117176,0.120995,0.121784,0.11859,0.113152,0.116444,0.113682,0.116372,0.112652,0.111078,0.114155,0.115546,0.115574,0.115564,0.11557,0.112617,0.10771,0.111954,0.113237,0.18342,0.165207,0.285696,0.185145,0.249784,0.945869,0.210384,0.31901,0.259499,0.229822,0.22941,0.229102,0.230645,0.387013,0.384242,0.211679,0.171382,0.181307,0.211731,0.21026,0.235765,0.1652,0.165983,0.154576,0.13221,0.13609,0.139527,0.146193,0.14984,0.269753,0.269747,0.520821,0.210891,0.183376,0.281786,0.343764,0.707628,0.456865,0.45803,0.323068,0.322894,0.344376,0.379642,0.485304,0.518404,0.485335,0.647825,0.458607,0.35052,0.350116,0.357644,0.360826,0.354997,0.36458,0.372136,0.370361,0.362673,0.372073,0.37207,0.440884,0.375197,0.374328,0.372067,0.462141,0.637785,0.458457,0.372878,0.372076,0.37207,0.373279,0.377208,0.19549,0.219899,0.176049,0.176417,0.169587,0.168742,0.179577,0.190814,0.185499,0.179459,0.191862,0.210603,0.234788,0.191994,0.191925,0.190888,0.196308,0.197314,0.195586,0.195592,0.272975,0.279001,0.188829,0.205737,0.207276,0.190561,0.197676,0.193878,0.204859,0.19522,0.190951,0.188835
"Aspergillus_oryzae",0.03049,0.031541,0.019113,0.003931,0,0.008863,0.018871,0.077968,0.074938,0.066725,0.080303,0.247859,0.109118,0.066296,0.072389,0.084595,0.111331,0.118716,0.122513,0.141075,0.117947,0.135913,0.117701,0.114643,0.109856,0.179621,0.117209,0.082954,0.144856,0.106471,0.104358,0.103431,0.1084,0.12742,0.15435,0.116207,0.118238,0.115354,0.110623,0.1166,0.116777,0.120596,0.121385,0.118191,0.112753,0.116045,0.113283,0.115973,0.112253,0.110679,0.113756,0.115147,0.115175,0.115165,0.115171,0.112218,0.107311,0.111555,0.112838,0.183021,0.164808,0.285297,0.184746,0.249385,0.94547,0.209985,0.318611,0.2591,0.229423,0.229011,0.228703,0.230246,0.386614,0.383843,0.21128,0.170983,0.180908,0.211332,0.209861,0.235366,0.164801,0.165584,0.154177,0.131811,0.135691,0.139128,0.145794,0.149441,0.269354,0.269348,0.520422,0.210492,0.182977,0.281387,0.343365,0.707229,0.456466,0.457631,0.322669,0.322495,0.343977,0.379243,0.484905,0.518005,0.484936,0.647426,0.458208,0.350121,0.349717,0.357245,0.360427,0.354598,0.364181,0.371737,0.369962,0.362274,0.371674,0.371671,0.440485,0.374798,0.373929,0.371668,0.461742,0.637386,0.458058,0.372479,0.371677,0.371671,0.37288,0.376809,0.195091,0.2195,0.17565,0.176018,0.169188,0.168343,0.179178,0.190415,0.1851,0.17906,0.191463,0.210204,0.234389,0.191595,0.191526,0.190489,0.195909,0.196915,0.195187,0.195193,0.272576,0.278602,0.18843,0.205338,0.206877,0.190162,0.197277,0.193479,0.20446,0.194821,0.190552,0.188436
"Aspergillus_niger",0.031079,0.03213,0.019702,0.009262,0.008863,0,0.01946,0.078557,0.075527,0.067314,0.080892,0.248448,0.109707,0.066885,0.072978,0.085184,0.11192,0.119305,0.123102,0.141664,0.118536,0.136502,0.11829,0.115232,0.110445,0.18021,0.117798,0.083543,0.145445,0.10706,0.104947,0.10402,0.108989,0.128009,0.154939,0.116796,0.118827,0.115943,0.111212,0.117189,0.117366,0.121185,0.121974,0.11878,0.113342,0.116634,0.113872,0.116562,0.112842,0.111268,0.114345,0.115736,0.115764,0.115754,0.11576,0.112807,0.1079,0.112144,0.113427,0.18361,0.165397,0.285886,0.185335,0.249974,0.946059,0.210574,0.3192,0.259689,0.230012,0.2296,0.229292,0.230835,0.387203,0.384432,0.211869,0.171572,0.181497,0.211921,0.21045,0.235955,0.16539,0.166173,0.154766,0.1324,0.13628,0.139717,0.146383,0.15003,0.269943,0.269937,0.521011,0.211081,0.183566,0.281976,0.343954,0.707818,0.457055,0.45822,0.323258,0.323084,0.344566,0.379832,0.485494,0.518594,0.485525,0.648015,0.458797,0.35071,0.350306,0.357834,0.361016,0.355187,0.36477,0.372326,0.370551,0.362863,0.372263,0.37226,0.441074,0.375387,0.374518,0.372257,0.462331,0.637975,0.458647,0.373068,0.372266,0.37226,0.373469,0.377398,0.19568,0.220089,0.176239,0.176607,0.169777,0.168932,0.179767,0.191004,0.185689,0.179649,0.192052,0.210793,0.234978,0.192184,0.192115,0.191078,0.196498,0.197504,0.195776,0.195782,0.273165,0.279191,0.189019,0.205927,0.207466,0.190751,0.197866,0.194068,0.205049,0.19541,0.191141,0.189025
"Penicillium_digitatum",0.031361,0.032412,0.019984,0.01927,0.018871,0.01946,0,0.078839,0.075809,0.067596,0.081174,0.24873,0.109989,0.067167,0.07326,0.085466,0.112202,0.119587,0.123384,0.141946,0.118818,0.136784,0.118572,0.115514,0.110727,0.180492,0.11808,0.083825,0.145727,0.107342,0.105229,0.104302,0.109271,0.128291,0.155221,0.117078,0.119109,0.116225,0.111494,0.117471,0.117648,0.121467,0.122256,0.119062,0.113624,0.116916,0.114154,0.116844,0.113124,0.11155,0.114627,0.116018,0.116046,0.116036,0.116042,0.113089,0.108182,0.112426,0.113709,0.183892,0.165679,0.286168,0.185617,0.250256,0.946341,0.210856,0.319482,0.259971,0.230294,0.229882,0.229574,0.231117,0.387485,0.384714,0.212151,0.171854,0.181779,0.212203,0.210732,0.236237,0.165672,0.166455,0.155048,0.132682,0.136562,0.139999,0.146665,0.150312,0.270225,0.270219,0.521293,0.211363,0.183848,0.282258,0.344236,0.7081,0.457337,0.458502,0.32354,0.323366,0.344848,0.380114,0.485776,0.518876,0.485807,0.648297,0.459079,0.350992,0.350588,0.358116,0.361298,0.355469,0.365052,0.372608,0.370833,0.363145,0.372545,0.372542,0.441356,0.375669,0.3748,0.372539,0.462613,0.638257,0.458929,0.37335,0.372548,0.372542,0.373751,0.37768,0.195962,0.220371,0.176521,0.176889,0.170059,0.169214,0.180049,0.191286,0.185971,0.179931,0.192334,0.211075,0.23526,0.192466,0.192397,0.19136,0.19678,0.197786,0.196058,0.196064,0.273447,0.279473,0.189301,0.206209,0.207748,0.191033,0.198148,0.19435,0.205331,0.195692,0.191423,0.189307
"Fonsecaea_erecta",0.058544,0.059595,0.070269,0.078367,0.077968,0.078557,0.078839,0,0.039334,0.053513,0.067091,0.234647,0.095906,0.053084,0.059177,0.071383,0.098119,0.105504,0.109301,0.127863,0.104735,0.122701,0.104489,0.101431,0.096644,0.166409,0.103997,0.069742,0.131644,0.093259,0.091146,0.090219,0.095188,0.114208,0.141138,0.102995,0.105026,0.102142,0.097411,0.103388,0.103565,0.107384,0.108173,0.104979,0.099541,0.102833,0.100071,0.102761,0.099041,0.097467,0.100544,0.101935,0.101963,0.101953,0.101959,0.099006,0.094099,0.098343,0.099626,0.169809,0.151596,0.272085,0.171534,0.236173,0.932258,0.196773,0.305399,0.245888,0.216211,0.215799,0.215491,0.217034,0.373402,0.370631,0.198068,0.157771,0.167696,0.19812,0.196649,0.222154,0.151589,0.152372,0.140965,0.118599,0.122479,0.125916,0.132582,0.136229,0.256142,0.256136,0.50721,0.19728,0.169765,0.268175,0.330153,0.694017,0.443254,0.444419,0.309457,0.309283,0.330765,0.366031,0.471693,0.504793,0.471724,0.634214,0.444996,0.336909,0.336505,0.344033,0.347215,0.341386,0.350969,0.358525,0.35675,0.349062,0.358462,0.358459,0.427273,0.361586,0.360717,0.358456,0.44853,0.624174,0.444846,0.359267,0.358465,0.358459,0.359668,0.363597,0.181879,0.206288,0.162438,0.162806,0.155976,0.155131,0.165966,0.177203,0.171888,0.165848,0.178251,0.196992,0.221177,0.178383,0.178314,0.177277,0.182697,0.183703,0.181975,0.181981,0.259364,0.26539,0.175218,0.192126,0.193665,0.17695,0.184065,0.180267,0.191248,0.181609,0.17734,0.175224
"Endocarpon_pusillum",0.055514,0.056565,0.067239,0.075337,0.074938,0.075527,0.075809,0.039334,0,0.050483,0.064061,0.231617,0.092876,0.050054,0.056147,0.068353,0.095089,0.102474,0.106271,0.124833,0.101705,0.119671,0.101459,0.098401,0.093614,0.163379,0.100967,0.066712,0.128614,0.090229,0.088116,0.087189,0.092158,0.111178,0.138108,0.099965,0.101996,0.099112,0.094381,0.100358,0.100535,0.104354,0.105143,0.101949,0.096511,0.099803,0.097041,0.099731,0.096011,0.094437,0.097514,0.098905,0.098933,0.098923,0.098929,0.095976,0.091069,0.095313,0.096596,0.166779,0.148566,0.269055,0.168504,0.233143,0.929228,0.193743,0.302369,0.242858,0.213181,0.212769,0.212461,0.214004,0.370372,0.367601,0.195038,0.154741,0.164666,0.19509,0.193619,0.219124,0.148559,0.149342,0.137935,0.115569,0.119449,0.122886,0.129552,0.133199,0.253112,0.253106,0.50418,0.19425,0.166735,0.265145,0.327123,0.690987,0.440224,0.441389,0.306427,0.306253,0.327735,0.363001,0.468663,0.501763,0.468694,0.631184,0.441966,0.333879,0.333475,0.341003,0.344185,0.338356,0.347939,0.355495,0.35372,0.346032,0.355432,0.355429,0.424243,0.358556,0.357687,0.355426,0.4455,0.621144,0.441816,0.356237,0.355435,0.355429,0.356638,0.360567,0.178849,0.203258,0.159408,0.159776,0.152946,0.152101,0.162936,0.174173,0.168858,0.162818,0.175221,0.193962,0.218147,0.175353,0.175284,0.174247,0.179667,0.180673,0.178945,0.178951,0.256334,0.26236,0.172188,0.189096,0.190635,0.17392,0.181035,0.177237,0.188218,0.178579,0.17431,0.172194
"Marssonina_brunnea",0.047301,0.048352,0.059026,0.067124,0.066725,0.067314,0.067596,0.053513,0.050483,0,0.040468,0.208024,0.069283,0.026461,0.032554,0.04476,0.071496,0.078881,0.082678,0.10124,0.078112,0.096078,0.077866,0.074808,0.070021,0.139786,0.077374,0.043119,0.105021,0.066636,0.064523,0.063596,0.068565,0.087585,0.114515,0.076372,0.078403,0.075519,0.070788,0.076765,0.076942,0.080761,0.08155,0.078356,0.072918,0.07621,0.073448,0.076138,0.072418,0.070844,0.073921,0.075312,0.07534,0.07533,0.075336,0.072383,0.067476,0.07172,0.073003,0.143186,0.124973,0.245462,0.144911,0.20955,0.905635,0.17015,0.278776,0.219265,0.189588,0.189176,0.188868,0.190411,0.346779,0.344008,0.171445,0.131148,0.141073,0.171497,0.170026,0.195531,0.124966,0.125749,0.114342,0.091976,0.095856,0.099293,0.105959,0.109606,0.229519,0.229513,0.480587,0.170657,0.143142,0.241552,0.30353,0.667394,0.416631,0.417796,0.282834,0.28266,0.304142,0.339408,0.44507,0.47817,0.445101,0.607591,0.418373,0.310286,0.309882,0.31741,0.320592,0.314763,0.324346,0.331902,0.330127,0.322439,0.331839,0.331836,0.40065,0.334963,0.334094,0.331833,0.421907,0.597551,0.418223,0.332644,0.331842,0.331836,0.333045,0.336974,0.155256,0.179665,0.135815,0.136183,0.129353,0.128508,0.139343,0.15058,0.145265,0.139225,0.151628,0.170369,0.194554,0.15176,0.151691,0.150654,0.156074,0.15708,0.155352,0.155358,0.232741,0.238767,0.148595,0.165503,0.167042,0.150327,0.157442,0.153644,0.164625,0.154986,0.150717,0.148601
"Diplodia_corticola",0.060879,0.06193,0.072604,0.080702,0.080303,0.080892,0.081174,0.067091,0.064061,0.040468,0,0.221602,0.082861,0.040039,0.046132,0.058338,0.085074,0.092459,0.096256,0.114818,0.09169,0.109656,0.091444,0.088386,0.083599,0.153364,0.090952,0.056697,0.118599,0.080214,0.078101,0.077174,0.082143,0.101163,0.128093,0.08995,0.091981,0.089097,0.084366,0.090343,0.09052,0.094339,0.095128,0.091934,0.086496,0.089788,0.087026,0.089716,0.085996,0.084422,0.087499,0.08889,0.088918,0.088908,0.088914,0.085961,0.081054,0.085298,0.086581,0.156764,0.138551,0.25904,0.158489,0.223128,0.919213,0.183728,0.292354,0.232843,0.203166,0.202754,0.202446,0.203989,0.360357,0.357586,0.185023,0.144726,0.154651,0.185075,0.183604,0.209109,0.138544,0.139327,0.12792,0.105554,0.109434,0.112871,0.119537,0.123184,0.243097,0.243091,0.494165,0.184235,0.15672,0.25513,0.317108,0.680972,0.430209,0.431374,0.296412,0.296238,0.31772,0.352986,0.458648,0.491748,0.458679,0.621169,0.431951,0.323864,0.32346,0.330988,0.33417,0.328341,0.337924,0.34548,0.343705,0.336017,0.345417,0.345414,0.414228,0.348541,0.347672,0.345411,0.435485,0.611129,0.431801,0.346222,0.34542,0.345414,0.346623,0.350552,0.168834,0.193243,0.149393,0.149761,0.142931,0.142086,0.152921,0.164158,0.158843,0.152803,0.165206,0.183947,0.208132,0.165338,0.165269,0.164232,0.169652,0.170658,0.16893,0.168936,0.246319,0.252345,0.162173,0.179081,0.18062,0.163905,0.17102,0.167222,0.178203,0.168564,0.164295,0.162179
"Leptosphaeria_maculans",0.228435,0.229486,0.24016,0.248258,0.247859,0.248448,0.24873,0.234647,0.231617,0.208024,0.221602,0,0.200971,0.207595,0.213688,0.225894,0.25263,0.260015,0.263812,0.282374,0.259246,0.277212,0.259,0.255942,0.251155,0.32092,0.258508,0.224253,0.286155,0.24777,0.245657,0.24473,0.249699,0.268719,0.295649,0.257506,0.259537,0.256653,0.251922,0.257899,0.258076,0.261895,0.262684,0.25949,0.254052,0.257344,0.254582,0.257272,0.253552,0.251978,0.255055,0.256446,0.256474,0.256464,0.25647,0.253517,0.24861,0.252854,0.254137,0.32432,0.306107,0.426596,0.326045,0.390684,1.086769,0.351284,0.45991,0.400399,0.370722,0.37031,0.370002,0.371545,0.527913,0.525142,0.352579,0.312282,0.322207,0.352631,0.35116,0.376665,0.3061,0.306883,0.295476,0.27311,0.27699,0.280427,0.287093,0.29074,0.410653,0.410647,0.661721,0.351791,0.324276,0.422686,0.484664,0.848528,0.597765,0.59893,0.463968,0.463794,0.485276,0.520542,0.626204,0.659304,0.626235,0.788725,0.599507,0.49142,0.491016,0.498544,0.501726,0.495897,0.50548,0.513036,0.511261,0.503573,0.512973,0.51297,0.581784,0.516097,0.515228,0.512967,0.603041,0.778685,0.599357,0.513778,0.512976,0.51297,0.514179,0.518108,0.33639,0.360799,0.316949,0.317317,0.310487,0.309642,0.320477,0.331714,0.326399,0.320359,0.332762,0.351503,0.375688,0.332894,0.332825,0.331788,0.337208,0.338214,0.336486,0.336492,0.413875,0.419901,0.329729,0.346637,0.348176,0.331461,0.338576,0.334778,0.345759,0.33612,0.331851,0.329735
"Setosphaeria_turcica",0.089694,0.090745,0.101419,0.109517,0.109118,0.109707,0.109989,0.095906,0.092876,0.069283,0.082861,0.200971,0,0.068854,0.074947,0.087153,0.113889,0.121274,0.125071,0.143633,0.120505,0.138471,0.120259,0.117201,0.112414,0.182179,0.119767,0.085512,0.147414,0.109029,0.106916,0.105989,0.110958,0.129978,0.156908,0.118765,0.120796,0.117912,0.113181,0.119158,0.119335,0.123154,0.123943,0.120749,0.115311,0.118603,0.115841,0.118531,0.114811,0.113237,0.116314,0.117705,0.117733,0.117723,0.117729,0.114776,0.109869,0.114113,0.115396,0.185579,0.167366,0.287855,0.187304,0.251943,0.948028,0.212543,0.321169,0.261658,0.231981,0.231569,0.231261,0.232804,0.389172,0.386401,0.213838,0.173541,0.183466,0.21389,0.212419,0.237924,0.167359,0.168142,0.156735,0.134369,0.138249,0.141686,0.148352,0.151999,0.271912,0.271906,0.52298,0.21305,0.185535,0.283945,0.345923,0.709787,0.459024,0.460189,0.325227,0.325053,0.346535,0.381801,0.487463,0.520563,0.487494,0.649984,0.460766,0.352679,0.352275,0.359803,0.362985,0.357156,0.366739,0.374295,0.37252,0.364832,0.374232,0.374229,0.443043,0.377356,0.376487,0.374226,0.4643,0.639944,0.460616,0.375037,0.374235,0.374229,0.375438,0.379367,0.197649,0.222058,0.178208,0.178576,0.171746,0.170901,0.181736,0.192973,0.187658,0.181618,0.194021,0.212762,0.236947,0.194153,0.194084,0.193047,0.198467,0.199473,0.197745,0.197751,0.275134,0.28116,0.190988,0.207896,0.209435,0.19272,0.199835,0.196037,0.207018,0.197379,0.19311,0.190994
"Selaginella_moellendorffii",0.046872,0.047923,0.058597,0.066695,0.066296,0.066885,0.067167,0.053084,0.050054,0.026461,0.040039,0.207595,0.068854,0,0.023073,0.035279,0.071067,0.078452,0.082249,0.100811,0.077683,0.095649,0.077437,0.074379,0.069592,0.139357,0.076945,0.04269,0.104592,0.066207,0.064094,0.063167,0.068136,0.087156,0.114086,0.075943,0.077974,0.07509,0.070359,0.076336,0.076513,0.080332,0.081121,0.077927,0.072489,0.075781,0.073019,0.075709,0.071989,0.070415,0.073492,0.074883,0.074911,0.074901,0.074907,0.071954,0.067047,0.071291,0.072574,0.142757,0.124544,0.245033,0.144482,0.209121,0.905206,0.169721,0.278347,0.218836,0.189159,0.188747,0.188439,0.189982,0.34635,0.343579,0.171016,0.130719,0.140644,0.171068,0.169597,0.195102,0.124537,0.12532,0.113913,0.091547,0.095427,0.098864,0.10553,0.109177,0.22909,0.229084,0.480158,0.170228,0.142713,0.241123,0.303101,0.666965,0.416202,0.417367,0.282405,0.282231,0.303713,0.338979,0.444641,0.477741,0.444672,0.607162,0.417944,0.309857,0.309453,0.316981,0.320163,0.314334,0.323917,0.331473,0.329698,0.32201,0.33141,0.331407,0.400221,0.334534,0.333665,0.331404,0.421478,0.597122,0.417794,0.332215,0.331413,0.331407,0.332616,0.336545,0.154827,0.179236,0.135386,0.135754,0.128924,0.128079,0.138914,0.150151,0.144836,0.138796,0.151199,0.16994,0.194125,0.151331,0.151262,0.150225,0.155645,0.156651,0.154923,0.154929,0.232312,0.238338,0.148166,0.165074,0.166613,0.149898,0.157013,0.153215,0.164196,0.154557,0.150288,0.148172
"Zymoseptoria_tritici",0.052965,0.054016,0.06469,0.072788,0.072389,0.072978,0.07326,0.059177,0.056147,0.032554,0.046132,0.213688,0.074947,0.023073,0,0.020474,0.07716,0.084545,0.088342,0.106904,0.083776,0.101742,0.08353,0.080472,0.075685,0.14545,0.083038,0.048783,0.110685,0.0723,0.070187,0.06926,0.074229,0.093249,0.120179,0.082036,0.084067,0.081183,0.076452,0.082429,0.082606,0.086425,0.087214,0.08402,0.078582,0.081874,0.079112,0.081802,0.078082,0.076508,0.079585,0.080976,0.081004,0.080994,0.081,0.078047,0.07314,0.077384,0.078667,0.14885,0.130637,0.251126,0.150575,0.215214,0.911299,0.175814,0.28444,0.224929,0.195252,0.19484,0.194532,0.196075,0.352443,0.349672,0.177109,0.136812,0.146737,0.177161,0.17569,0.201195,0.13063,0.131413,0.120006,0.09764,0.10152,0.104957,0.111623,0.11527,0.235183,0.235177,0.486251,0.176321,0.148806,0.247216,0.309194,0.673058,0.422295,0.42346,0.288498,0.288324,0.309806,0.345072,0.450734,0.483834,0.450765,0.613255,0.424037,0.31595,0.315546,0.323074,0.326256,0.320427,0.33001,0.337566,0.335791,0.328103,0.337503,0.3375,0.406314,0.340627,0.339758,0.337497,0.427571,0.603215,0.423887,0.338308,0.337506,0.3375,0.338709,0.342638,0.16092,0.185329,0.141479,0.141847,0.135017,0.134172,0.145007,0.156244,0.150929,0.144889,0.157292,0.176033,0.200218,0.157424,0.157355,0.156318,0.161738,0.162744,0.161016,0.161022,0.238405,0.244431,0.154259,0.171167,0.172706,0.155991,0.163106,0.159308,0.170289,0.16065,0.156381,0.154265
"Pseudocercospora_fijiensis",0.065171,0.066222,0.076896,0.084994,0.084595,0.085184,0.085466,0.071383,0.068353,0.04476,0.058338,0.225894,0.087153,0.035279,0.020474,0,0.089366,0.096751,0.100548,0.11911,0.095982,0.113948,0.095736,0.092678,0.087891,0.157656,0.095244,0.060989,0.122891,0.084506,0.082393,0.081466,0.086435,0.105455,0.132385,0.094242,0.096273,0.093389,0.088658,0.094635,0.094812,0.098631,0.09942,0.096226,0.090788,0.09408,0.091318,0.094008,0.090288,0.088714,0.091791,0.093182,0.09321,0.0932,0.093206,0.090253,0.085346,0.08959,0.090873,0.161056,0.142843,0.263332,0.162781,0.22742,0.923505,0.18802,0.296646,0.237135,0.207458,0.207046,0.206738,0.208281,0.364649,0.361878,0.189315,0.149018,0.158943,0.189367,0.187896,0.213401,0.142836,0.143619,0.132212,0.109846,0.113726,0.117163,0.123829,0.127476,0.247389,0.247383,0.498457,0.188527,0.161012,0.259422,0.3214,0.685264,0.434501,0.435666,0.300704,0.30053,0.322012,0.357278,0.46294,0.49604,0.462971,0.625461,0.436243,0.328156,0.327752,0.33528,0.338462,0.332633,0.342216,0.349772,0.347997,0.340309,0.349709,0.349706,0.41852,0.352833,0.351964,0.349703,0.439777,0.615421,0.436093,0.350514,0.349712,0.349706,0.350915,0.354844,0.173126,0.197535,0.153685,0.154053,0.147223,0.146378,0.157213,0.16845,0.163135,0.157095,0.169498,0.188239,0.212424,0.16963,0.169561,0.168524,0.173944,0.17495,0.173222,0.173228,0.250611,0.256637,0.166465,0.183373,0.184912,0.168197,0.175312,0.171514,0.182495,0.172856,0.168587,0.166471
"Grosmannia_clavigera",0.091907,0.092958,0.103632,0.11173,0.111331,0.11192,0.112202,0.098119,0.095089,0.071496,0.085074,0.25263,0.113889,0.071067,0.07716,0.089366,0,0.054051,0.068342,0.086904,0.063776,0.081742,0.06353,0.060472,0.055685,0.12545,0.063038,0.087725,0.149627,0.111242,0.109129,0.108202,0.113171,0.132191,0.159121,0.120978,0.123009,0.120125,0.115394,0.121371,0.121548,0.125367,0.126156,0.122962,0.117524,0.120816,0.118054,0.120744,0.117024,0.11545,0.118527,0.119918,0.119946,0.119936,0.119942,0.116989,0.112082,0.116326,0.117609,0.187792,0.169579,0.290068,0.189517,0.254156,0.950241,0.214756,0.323382,0.263871,0.234194,0.233782,0.233474,0.235017,0.391385,0.388614,0.216051,0.175754,0.185679,0.216103,0.214632,0.240137,0.169572,0.170355,0.158948,0.136582,0.140462,0.143899,0.150565,0.154212,0.274125,0.274119,0.525193,0.215263,0.187748,0.286158,0.348136,0.712,0.461237,0.462402,0.32744,0.327266,0.348748,0.384014,0.489676,0.522776,0.489707,0.652197,0.462979,0.354892,0.354488,0.362016,0.365198,0.359369,0.368952,0.376508,0.374733,0.367045,0.376445,0.376442,0.445256,0.379569,0.3787,0.376439,0.466513,0.642157,0.462829,0.37725,0.376448,0.376442,0.377651,0.38158,0.199862,0.224271,0.180421,0.180789,0.173959,0.173114,0.183949,0.195186,0.189871,0.183831,0.196234,0.214975,0.23916,0.196366,0.196297,0.19526,0.20068,0.201686,0.199958,0.199964,0.277347,0.283373,0.193201,0.210109,0.211648,0.194933,0.202048,0.19825,0.209231,0.199592,0.195323,0.193207
"Eutypa_lata",0.099292,0.100343,0.111017,0.119115,0.118716,0.119305,0.119587,0.105504,0.102474,0.078881,0.092459,0.260015,0.121274,0.078452,0.084545,0.096751,0.054051,0,0.075727,0.094289,0.071161,0.089127,0.070915,0.067857,0.06307,0.132835,0.070423,0.09511,0.157012,0.118627,0.116514,0.115587,0.120556,0.139576,0.166506,0.128363,0.130394,0.12751,0.122779,0.128756,0.128933,0.132752,0.133541,0.130347,0.124909,0.128201,0.125439,0.128129,0.124409,0.122835,0.125912,0.127303,0.127331,0.127321,0.127327,0.124374,0.119467,0.123711,0.124994,0.195177,0.176964,0.297453,0.196902,0.261541,0.957626,0.222141,0.330767,0.271256,0.241579,0.241167,0.240859,0.242402,0.39877,0.395999,0.223436,0.183139,0.193064,0.223488,0.222017,0.247522,0.176957,0.17774,0.166333,0.143967,0.147847,0.151284,0.15795,0.161597,0.28151,0.281504,0.532578,0.222648,0.195133,0.293543,0.355521,0.719385,0.468622,0.469787,0.334825,0.334651,0.356133,0.391399,0.497061,0.530161,0.497092,0.659582,0.470364,0.362277,0.361873,0.369401,0.372583,0.366754,0.376337,0.383893,0.382118,0.37443,0.38383,0.383827,0.452641,0.386954,0.386085,0.383824,0.473898,0.649542,0.470214,0.384635,0.383833,0.383827,0.385036,0.388965,0.207247,0.231656,0.187806,0.188174,0.181344,0.180499,0.191334,0.202571,0.197256,0.191216,0.203619,0.22236,0.246545,0.203751,0.203682,0.202645,0.208065,0.209071,0.207343,0.207349,0.284732,0.290758,0.200586,0.217494,0.219033,0.202318,0.209433,0.205635,0.216616,0.206977,0.202708,0.200592
"Colletotrichum_graminicola",0.103089,0.10414,0.114814,0.122912,0.122513,0.123102,0.123384,0.109301,0.106271,0.082678,0.096256,0.263812,0.125071,0.082249,0.088342,0.100548,0.068342,0.075727,0,0.033102,0.027706,0.045672,0.02746,0.056598,0.051811,0.121576,0.059164,0.098907,0.160809,0.122424,0.120311,0.119384,0.124353,0.143373,0.170303,0.13216,0.134191,0.131307,0.126576,0.132553,0.13273,0.136549,0.137338,0.134144,0.128706,0.131998,0.129236,0.131926,0.128206,0.126632,0.129709,0.1311,0.131128,0.131118,0.131124,0.128171,0.123264,0.127508,0.128791,0.198974,0.180761,0.30125,0.200699,0.265338,0.961423,0.225938,0.334564,0.275053,0.245376,0.244964,0.244656,0.246199,0.402567,0.399796,0.227233,0.186936,0.196861,0.227285,0.225814,0.251319,0.180754,0.181537,0.17013,0.147764,0.151644,0.155081,0.161747,0.165394,0.285307,0.285301,0.536375,0.226445,0.19893,0.29734,0.359318,0.723182,0.472419,0.473584,0.338622,0.338448,0.35993,0.395196,0.500858,0.533958,0.500889,0.663379,0.474161,0.366074,0.36567,0.373198,0.37638,0.370551,0.380134,0.38769,0.385915,0.378227,0.387627,0.387624,0.456438,0.390751,0.389882,0.387621,0.477695,0.653339,0.474011,0.388432,0.38763,0.387624,0.388833,0.392762,0.211044,0.235453,0.191603,0.191971,0.185141,0.184296,0.195131,0.206368,0.201053,0.195013,0.207416,0.226157,0.250342,0.207548,0.207479,0.206442,0.211862,0.212868,0.21114,0.211146,0.288529,0.294555,0.204383,0.221291,0.22283,0.206115,0.21323,0.209432,0.220413,0.210774,0.206505,0.204389
"Verticillium_alfalfae",0.121651,0.122702,0.133376,0.141474,0.141075,0.141664,0.141946,0.127863,0.124833,0.10124,0.114818,0.282374,0.143633,0.100811,0.106904,0.11911,0.086904,0.094289,0.033102,0,0.046268,0.064234,0.046022,0.07516,0.070373,0.140138,0.077726,0.117469,0.179371,0.140986,0.138873,0.137946,0.142915,0.161935,0.188865,0.150722,0.152753,0.149869,0.145138,0.151115,0.151292,0.155111,0.1559,0.152706,0.147268,0.15056,0.147798,0.150488,0.146768,0.145194,0.148271,0.149662,0.14969,0.14968,0.149686,0.146733,0.141826,0.14607,0.147353,0.217536,0.199323,0.319812,0.219261,0.2839,0.979985,0.2445,0.353126,0.293615,0.263938,0.263526,0.263218,0.264761,0.421129,0.418358,0.245795,0.205498,0.215423,0.245847,0.244376,0.269881,0.199316,0.200099,0.188692,0.166326,0.170206,0.173643,0.180309,0.183956,0.303869,0.303863,0.554937,0.245007,0.217492,0.315902,0.37788,0.741744,0.490981,0.492146,0.357184,0.35701,0.378492,0.413758,0.51942,0.55252,0.519451,0.681941,0.492723,0.384636,0.384232,0.39176,0.394942,0.389113,0.398696,0.406252,0.404477,0.396789,0.406189,0.406186,0.475,0.409313,0.408444,0.406183,0.496257,0.671901,0.492573,0.406994,0.406192,0.406186,0.407395,0.411324,0.229606,0.254015,0.210165,0.210533,0.203703,0.202858,0.213693,0.22493,0.219615,0.213575,0.225978,0.244719,0.268904,0.22611,0.226041,0.225004,0.230424,0.23143,0.229702,0.229708,0.307091,0.313117,0.222945,0.239853,0.241392,0.224677,0.231792,0.227994,0.238975,0.229336,0.225067,0.222951
"Fusarium_oxysporum",0.098523,0.099574,0.110248,0.118346,0.117947,0.118536,0.118818,0.104735,0.101705,0.078112,0.09169,0.259246,0.120505,0.077683,0.083776,0.095982,0.063776,0.071161,0.027706,0.046268,0,0.031862,0.01365,0.052032,0.047245,0.11701,0.054598,0.094341,0.156243,0.117858,0.115745,0.114818,0.119787,0.138807,0.165737,0.127594,0.129625,0.126741,0.12201,0.127987,0.128164,0.131983,0.132772,0.129578,0.12414,0.127432,0.12467,0.12736,0.12364,0.122066,0.125143,0.126534,0.126562,0.126552,0.126558,0.123605,0.118698,0.122942,0.124225,0.194408,0.176195,0.296684,0.196133,0.260772,0.956857,0.221372,0.329998,0.270487,0.24081,0.240398,0.24009,0.241633,0.398001,0.39523,0.222667,0.18237,0.192295,0.222719,0.221248,0.246753,0.176188,0.176971,0.165564,0.143198,0.147078,0.150515,0.157181,0.160828,0.280741,0.280735,0.531809,0.221879,0.194364,0.292774,0.354752,0.718616,0.467853,0.469018,0.334056,0.333882,0.355364,0.39063,0.496292,0.529392,0.496323,0.658813,0.469595,0.361508,0.361104,0.368632,0.371814,0.365985,0.375568,0.383124,0.381349,0.373661,0.383061,0.383058,0.451872,0.386185,0.385316,0.383055,0.473129,0.648773,0.469445,0.383866,0.383064,0.383058,0.384267,0.388196,0.206478,0.230887,0.187037,0.187405,0.180575,0.17973,0.190565,0.201802,0.196487,0.190447,0.20285,0.221591,0.245776,0.202982,0.202913,0.201876,0.207296,0.208302,0.206574,0.20658,0.283963,0.289989,0.199817,0.216725,0.218264,0.201549,0.208664,0.204866,0.215847,0.206208,0.201939,0.199823
"Atta_colombica",0.116489,0.11754,0.128214,0.136312,0.135913,0.136502,0.136784,0.122701,0.119671,0.096078,0.109656,0.277212,0.138471,0.095649,0.101742,0.113948,0.081742,0.089127,0.045672,0.064234,0.031862,0,0.020664,0.069998,0.065211,0.134976,0.072564,0.112307,0.174209,0.135824,0.133711,0.132784,0.137753,0.156773,0.183703,0.14556,0.147591,0.144707,0.139976,0.145953,0.14613,0.149949,0.150738,0.147544,0.142106,0.145398,0.142636,0.145326,0.141606,0.140032,0.143109,0.1445,0.144528,0.144518,0.144524,0.141571,0.136664,0.140908,0.142191,0.212374,0.194161,0.31465,0.214099,0.278738,0.974823,0.239338,0.347964,0.288453,0.258776,0.258364,0.258056,0.259599,0.415967,0.413196,0.240633,0.200336,0.210261,0.240685,0.239214,0.264719,0.194154,0.194937,0.18353,0.161164,0.165044,0.168481,0.175147,0.178794,0.298707,0.298701,0.549775,0.239845,0.21233,0.31074,0.372718,0.736582,0.485819,0.486984,0.352022,0.351848,0.37333,0.408596,0.514258,0.547358,0.514289,0.676779,0.487561,0.379474,0.37907,0.386598,0.38978,0.383951,0.393534,0.40109,0.399315,0.391627,0.401027,0.401024,0.469838,0.404151,0.403282,0.401021,0.491095,0.666739,0.487411,0.401832,0.40103,0.401024,0.402233,0.406162,0.224444,0.248853,0.205003,0.205371,0.198541,0.197696,0.208531,0.219768,0.214453,0.208413,0.220816,0.239557,0.263742,0.220948,0.220879,0.219842,0.225262,0.226268,0.22454,0.224546,0.301929,0.307955,0.217783,0.234691,0.23623,0.219515,0.22663,0.222832,0.233813,0.224174,0.219905,0.217789
"Pochonia_chlamydosporia",0.098277,0.099328,0.110002,0.1181,0.117701,0.11829,0.118572,0.104489,0.101459,0.077866,0.091444,0.259,0.120259,0.077437,0.08353,0.095736,0.06353,0.070915,0.02746,0.046022,0.01365,0.020664,0,0.051786,0.046999,0.116764,0.054352,0.094095,0.155997,0.117612,0.115499,0.114572,0.119541,0.138561,0.165491,0.127348,0.129379,0.126495,0.121764,0.127741,0.127918,0.131737,0.132526,0.129332,0.123894,0.127186,0.124424,0.127114,0.123394,0.12182,0.124897,0.126288,0.126316,0.126306,0.126312,0.123359,0.118452,0.122696,0.123979,0.194162,0.175949,0.296438,0.195887,0.260526,0.956611,0.221126,0.329752,0.270241,0.240564,0.240152,0.239844,0.241387,0.397755,0.394984,0.222421,0.182124,0.192049,0.222473,0.221002,0.246507,0.175942,0.176725,0.165318,0.142952,0.146832,0.150269,0.156935,0.160582,0.280495,0.280489,0.531563,0.221633,0.194118,0.292528,0.354506,0.71837,0.467607,0.468772,0.33381,0.333636,0.355118,0.390384,0.496046,0.529146,0.496077,0.658567,0.469349,0.361262,0.360858,0.368386,0.371568,0.365739,0.375322,0.382878,0.381103,0.373415,0.382815,0.382812,0.451626,0.385939,0.38507,0.382809,0.472883,0.648527,0.469199,0.38362,0.382818,0.382812,0.384021,0.38795,0.206232,0.230641,0.186791,0.187159,0.180329,0.179484,0.190319,0.201556,0.196241,0.190201,0.202604,0.221345,0.24553,0.202736,0.202667,0.20163,0.20705,0.208056,0.206328,0.206334,0.283717,0.289743,0.199571,0.216479,0.218018,0.201303,0.208418,0.20462,0.215601,0.205962,0.201693,0.199577
"Chaetomium_thermophilum",0.095219,0.09627,0.106944,0.115042,0.114643,0.115232,0.115514,0.101431,0.098401,0.074808,0.088386,0.255942,0.117201,0.074379,0.080472,0.092678,0.060472,0.067857,0.056598,0.07516,0.052032,0.069998,0.051786,0,0.009459,0.087474,0.025062,0.091037,0.152939,0.114554,0.112441,0.111514,0.116483,0.135503,0.162433,0.12429,0.126321,0.123437,0.118706,0.124683,0.12486,0.128679,0.129468,0.126274,0.120836,0.124128,0.121366,0.124056,0.120336,0.118762,0.121839,0.12323,0.123258,0.123248,0.123254,0.120301,0.115394,0.119638,0.120921,0.191104,0.172891,0.29338,0.192829,0.257468,0.953553,0.218068,0.326694,0.267183,0.237506,0.237094,0.236786,0.238329,0.394697,0.391926,0.219363,0.179066,0.188991,0.219415,0.217944,0.243449,0.172884,0.173667,0.16226,0.139894,0.143774,0.147211,0.153877,0.157524,0.277437,0.277431,0.528505,0.218575,0.19106,0.28947,0.351448,0.715312,0.464549,0.465714,0.330752,0.330578,0.35206,0.387326,0.492988,0.526088,0.493019,0.655509,0.466291,0.358204,0.3578,0.365328,0.36851,0.362681,0.372264,0.37982,0.378045,0.370357,0.379757,0.379754,0.448568,0.382881,0.382012,0.379751,0.469825,0.645469,0.466141,0.380562,0.37976,0.379754,0.380963,0.384892,0.203174,0.227583,0.183733,0.184101,0.177271,0.176426,0.187261,0.198498,0.193183,0.187143,0.199546,0.218287,0.242472,0.199678,0.199609,0.198572,0.203992,0.204998,0.20327,0.203276,0.280659,0.286685,0.196513,0.213421,0.21496,0.198245,0.20536,0.201562,0.212543,0.202904,0.198635,0.196519
