
maxdiff     : 0.271467
meandiff    : 0.0252362

